Timestamp: 20251122_125921
A: 2
M: 2
T: 3
WINDOW: 2
MACHINE_CAPACITY: 10
STRATEGY_DOMAIN: RESTRICTED
Q: [20, 20]
BASE_SUPPLY: [10, 10, 10]
BUFFER: [2, 2, 2]
SHOCK_PROB: {-5: 0.008812229292562285, -4: 0.027143577143479373, -3: 0.06511405659938267, -2: 0.1216490730138096, -1: 0.1769983568313557, 0: 0.20056541423882085, 1: 0.1769983568313557, 2: 0.1216490730138096, 3: 0.06511405659938267, 4: 0.027143577143479373, 5: 0.008812229292562285}
SAMPLES: 50
SEED: 42
MAX_PROFILES: None
OUTPUT_BASE_DIR: results
